We compute the structure of the cuspidal group C1(p) of X1(p) for all 11 \le p \le 1000

11, [ 25 ]
13, [ 19, 19 ]
17, [ 292, 1168 ]
19, [ 1461, 13149 ]
23, [ 37181, 4498901 ]
29, [ 4, 4, 4, 4, 9203892, 450990708 ]
31, [ 2, 10, 1772833370, 8864166850 ]
37, [ 53505562232535, 481550060092815 ]
41, [ 21553759881619888, 538843997040497200 ]
43, [ 2, 2, 223364647569268558, 10944867730894159342 ]
47, [ 142605986469692740469, 75438566842467459708101 ]
53, [ 14032869452244904602299329, 2371554937429388877788586601 ]
59, [ 589324663207792234929168861989, 495622041757753269575431012932749 ]
61, [ 77, 77, 2249026400408198764708332679163, 56225660010204969117708316979075 ]
67, [ 661, 661, 20742411322218610498404968504426647, 2509831769988451870307001189035624287 ]
71, [ 701, 701, 24193505826034073099187101823196730189, 29637044636891739546504199733415994481525 ]
73, [ 2, 2, 2, 2, 3313439439643796256465574023292013345776614, 29820954956794166308190166209628120111989526 ]
79, [ 521, 521, 2263623089554573652699188302579475498580792443, 382552302134722947306162823135931359260153922867 ]
83, [ 2406984131025101712234550549597592650903636598642273, 4046140324253195978266279473873553246169013122317660913 ]
89, [ 2, 2, 2, 2, 1522954443020854102271958820561189448280265949250848440630, 184277487605523346374907017287903923241912179859352661316230 ]
97, [ 35, 35, 46112087576831945308457230271075213082193874861568739344925034980, 737793401229311124935315684337203409315101997785099829518800559680 ]
101, [ 3064939335343506822573355022531894007882213708866407329225203313457459, 1915587084589691764108346889082433754926383568041504580765752070910911875 ]
103, [ 17, 514392345891589895637048628820472810730201209034367243706045518045882353, 8744669880157028225829826689948037782413420553584243143002773806780000001 ]
107, [ 2346580659993562673339792297393009893188235684192067270980019937731700333011, 6591545073921917549411476563376964789965754036895516964182876005088346235427899 ]
109, [ 56388, 4567428, 30503085049356539290485687815066993227119979241713916290871042221219577676, 30503085049356539290485687815066993227119979241713916290871042221219577676 ]
113, [ 4, 4, 4, 4, 16, 16, 16, 16, 208, 208, 43773690282117963582952307081013028263168776956614610780126844146888225520880, 2144910823823780215564663046969638384895270070874115928226215363197523050523120 ]
127, [ 2, 2, 2, 2, 2, 2, 2, 2, 2, 2, 2, 2, 38, 266, 7234029416453778605598936534698198482162603797898310844442081831583289208863626657601119528814, 455743853236588052152733001685986504376244039267593583199851155389747220158408479428870530315282 ]
131, [ 5, 151312189044792461128568224733501004734665509594643260446293436870058786218684755262187278724742294345, 127858799742849629653640149899808349000792355607473555077117954155199674354788618196548250522407238721525 ]
137, [ 2983341706455471046382310468010837937531553933546595350745634190988276065015687184573166773177310686398356640, 862185753165631132404487725255132163946619086794966056365488281195611782789533596341645197448242788369125068960 ]
139, [ 1385, 1385, 287929665194710793250502532236735058642355482149665911363257421946064619814669541486121867802455590328099515, 152314792888002009629515839553232846021806050057173267111163176209468183881960187446158468067499007283564643435 ]
149, [ 65852818713688231262497777891355356441458360200373144556054159133557304191995280960207280065382451553033290759105081494315, 90152508819039188598359457933265482968356495114310834897238143853839949438841539634523766409508576176102575049214856565717235 ]
151, [ 2, 2, 2, 2, 2, 2, 2498856841371943685931661747333136873981297950413290095743319870034706916850688721213904634471251451492214736187552920287442, 1561785525857464803707288592083210546238311219008306309839574918771691823031680450758690396544532157182634210117220575179651250 ]
157, [ 4396, 4396, 85092961126087678218262943736180451595487478080216639011635062862436049691898233275194842898362829535723801820672268144442469732, 14380710430308817618886437491414496319637383795556611992966325623751692397930801423507928449823318191537322507693613316410777384708 ]
163, [ 2, 2, 1041272143705753399969107037113846598267905270141825012390742743689985910887762404309252501164946936885633782359030454301833172403533132586, 759087392761494228577479030055994170137302941933390434032851460149999729037178792741445073349246316989627027339733201186036382682175653655194 ]>
167, [ 38034914702529818092345225634386168578515273389905774198743748887792083620799857927849442926822415781097463961296484843640112517932916549376991, 262022527385727916838166259395286315337391718383060878455145686087999664063690221264954812322879622315980429229371484087836735136039862108658090999 ]>
173, [ 1119934427426848750678684903560763695006253634350470295257899848370427034696400746990188654840839179091999238609096593345438719317217727972057723922753, 2070758756312243340004888386683852072066562969914019575931856819636919587153644981184858822800711642141106592188219601095716192017535579020334731533170297 ]>
179, [ 9652070055772834003267715654241220714147688432622830016476970713510934159494917202435781953396203941711261542264180244273264267562507810097696425436130117817, 7645404691177661813988357569724470927676384007480543656051408502172010947735923916049382885285133142229490267627457171488852626336262363783853385879586663228457 ]>
181, [ 5, 5115, 46035, 3026321305230703655861161318862297048268158743819143000685909522869138181506430392542799508927053661757491668637337795815705730356956286429853192939358887415, 15131606526153518279305806594311485241340793719095715003429547614345690907532151962713997544635268308787458343186688979078528651784781432149265964696794437075 ]>
<191, [ 4522394901343499220504827434488390545603052122977234258533227065550384638409949081318661202786726569172648659832925197281919052480595289676599\
558164053170442585234134261209, 4081461398462508046505606759625772467406754540986953918326237426659222136164979045890091735515020728678315415499214990\
5469319448637372489331311012430579863244331738061707411225 ]>
<193, [ 7, 7, 2286054542785731013495914283146373674058495413636668629475377751988038109471832669594335300337508355447706760957964015543229073160027898\
622407800230018615224464752148106911356, 1463074907382867848637385141213679151397437064727467922864241761272344390061972908540374592216005347486532327\
01309696994766660682241785511834099214721191374365744137478842326784 ]>
<197, [ 4, 4, 4, 9604, 1520781400354765267162842456481351261951873535412653374379326749717322314308497055844883669702297228301869414927185893835680277\
6017236234127086121052179737302488687190422500472932, 152078140035476526716284245648135126195187353541265337437932674971732231430849705584488366970229\
72283018694149271858938356802776017236234127086121052179737302488687190422500472932 ]>
<199, [ 3, 9, 3763754394666477667784960211116834600887758278794396971720736928543304033527679174953825489342420008480096987129995119098717441806349219\
7920872176262374830330994611366099589391062439, 136624284526393139340594055663541096012225625520236610073462750506121936417054754050823865263129846307\
82752063281882282328344313757047667845276599983242063410151043925894150948955665357 ]>
<211, [ 1271, 6355, 1063839756037481068253656137281428350759688350169749447094525777120709774851551825160311514522536257970578318837227140345313552101\
33578539575982333001181311322190508975399167567228942670948902055, 26064074022918286172214575363394994593612364579158861453815881539457389483863019716\
427632105802138320279168811512064938460182026482726742196115671585289421273936674698972796053971090954382481003475 ]>
<223, [ 2, 2, 1360521181756163382946230967033303968771128180511528497700061103055030180265985017730387599665456274067157998825659311011274581201003046\
72850373718411984994222343048107695838343973531669100540984519354828066596734, 
186255349782418767125339019386859313324767447912028251335138365008233631678413348927290062394200963919793930039232759677443490166417317097132161620506\
007457090387632859435602692899764854998640607806996759623170928846 ]>
<227, [ 1279298506211318140645592560263597718530610514368164081294096598321064521154537522463190520693609925353397185153300601545810442404518636821683\
9260805841900795276153703526851846649460189703232054147600178865512012921803, 
163353626258123213379035714020058792679173656579670871540443194639616728706222896243324797587367051368375286572224953811384535390632984735760820521229\
795231254881206640334371229866957162320570099410706683933722892998502507 ]>
<229, [ 56, 56, 52542899740293564851683671378015943130838114589611567879862277982239860974363066258483478685694068720219494281932636222698707008180015\
0144402531371755233397756250625324045717817271317332829391546757853033280361909926392, 
189679868062459769114578053674637554702325593668497760046302823515885898117450669193125358055355588079992374357776816763942332299529854202129313825203\
639256590006475741980504132034945557151410348379584945014210649483427512 ]>
<233, [ 2, 2, 2, 2, 7491373616982559570671588857221131809925904718044223036981090045388550661647321589479697754965827780986219023194838424016370599696\
08374882923538350536730044964939286399206615919023496382045629539093451279228994821646916975118, 
630024521188233259893480622892297185214768586787519157410109672817177110644539745675242581192626116380941019850685911459776767434440643276538695752801\
389967815513939861732763987898760457300374442377592525831584645005057176074238 ]>
<239, [ 2, 2, 2, 2, 1232879013523441359426137322447248066967611190488083329872330505257362168519653291190877843691348049518498139988031860478216404044\
7075788972276709489390416071784939911901131657699913557712974707381297689126423465739410953693513946958, 
174587997105054530908335306231754798763283420685017480343220722849495056684068102565540211445131797292314521603705191762320224976771040247636410483079\
257681992546534092431925404688475890773434831226556575719282698335798515253851002872238 ]>
<241, [ 4, 8, 8, 8, 8, 8, 8, 8, 8, 8, 8, 8, 8, 8, 8, 8, 2920606546029655108932567669413119235916013187081058361352244556703196538829556391380259676857\
3554626288194990926408160735779926076911640739829897073629448914902498728895004481630832344928633168478762478609328391864849343484594264, 
146030327301482755446628383470655961795800659354052918067612227835159826941477819569012983842867773131440974954632040803678899630384558203699149485368\
1472445745124936444750224081541617246431658423938123930466419593242467174229713200 ]>
<251, [ 2, 2, 2, 2, 2, 2, 3753826351314555674413169824120780868068508241330769456449316673965792798729551934655612111858919158817991297008236927632155\
4675806398538210926007400940990356512305690564693231505902759747401116730925770891359115542976139316158575686262866760387502, 
586535367392899324127057785018872010635704412707932727570205730307155124801492489789939392477956118565311140157537019942524291809474977159545718865639\
702974320504776415073331742279730621053142448920715170177486180359002176814977745097857293131054718750 ]>
<257, [ 4, 16, 16, 16, 16, 16, 16, 16, 16, 16, 16, 16, 16, 16, 16, 16, 16, 16, 16, 16, 16, 16, 16, 16, 16, 32, 160, 1280, 
613395324981280835542424067565023517557061867657480097793259500487207393552190559575530441210824910037811809620499127829286572608707966135836991669216\
399054587000892079270184309585777014322626169467383808036422610891840058840376415025893120, 
981432519970049336867878508104037628091298988251968156469215200779531829683504895320848705937319856060498895392798604526858516173932745817339186670746\
2384873392014273268322948953372432229162018711478140928582761774269440941446022640414289920 ]>
<263, [ 2826396139873163828681339707190015107813544217883275959812237586424451247120543222380498063061377714649258670804325257445603590917354612854836\
142163268208984339964639115527083415432992547285452507185317325603789349079338286768738792645779056598626728314749267987701, 
485037841563633644640004707150878492651882323230948987463378092206300078518356422392717272601963029610959280496730257430240032237327225112018430356638\
45734380258133171861560278492245585103965650475807230624686629019550524339238326420594214390289033284609412187936936861 ]>
<269, [ 6416986904586289627540742050775707397955383665473742638885320875057432161987885849378227149648266672814846367539127672684288494957264641768523\
88427338028111092321269307874525202406823040545225905365565570391209539684070481003612986103706891145926156967244658378127245542583, 
288058542146878541380303910659321505094217172743116307059562054081328129751636195778588616747710690942658453438831441226797710538631609768989037165032\
0408190693430177923048743633604228629007519089186023845486139623641792389225218694619540234354062518625961271459413205240655087 ]>
<271, [ 57, 513, 8367970690353762186936677017252276270107362810426116448458225708829500668651239929071288459092340361914528032719784988185785522391892\
421733785762737808636578746525495107899742842706630895347923129570018178101518991470907183091452320137489949713185499061944855683092075643603, 
188279340532959649206075232888176216077415663234587620090310078448663765044652898404103990329577658143076880736195162234180174253817579489010179661600\
6943230217968236399277442139608991951453282704153254090072841773080954116195576772030935238685466737288937592528695717019810675 ]>

